== upstream Neko-TOP vs MMA.cc: neko_dip vs ref_dip
 it      f0[a]              f0[b]          |df0|/f0   max|g_a-g_b|   max|x_a-x_b|
  1  8.869039899061  7.978878815250   1.12e-01     4.09e-01     3.07e-01
  2  8.559572603156  8.162330052651   4.87e-02     2.27e-01     2.75e-01
  3  8.284499532838  8.074019450306   2.61e-02     6.78e-02     1.28e-01
  4  8.172426901524  8.153080407010   2.37e-03     1.49e-02     3.51e-02
  5  8.126596772500  8.108818392844   2.19e-03     4.72e-03     1.03e-01
  6  8.180937095443  8.186033334871   6.23e-04     3.01e-03     2.31e-02
  7  8.187162809731  8.191545271932   5.35e-04     2.04e-03     3.73e-02
  8  8.190985665691  8.191529764789   6.64e-05     5.49e-04     9.92e-03
  9  8.191381844581  8.191466566907   1.03e-05     1.95e-04     5.75e-03
 10  8.191423988109  8.191439422036   1.88e-06     8.81e-05     2.88e-03
 11  8.191426643031  8.191429665827   3.69e-07     5.95e-05     1.95e-03
 12  8.191426644237  8.191426897703   3.09e-08     3.24e-05     3.42e-04
 13  8.191426795641  8.191426448719   4.24e-08     1.38e-05     2.33e-04
 14  8.191426494825  8.191426472940   2.67e-09     4.59e-06     1.22e-04
 15  8.191426459802  8.191426380374   9.70e-09     1.12e-06     8.42e-05
 16  8.191426679272  8.191426246690   5.28e-08     2.12e-07     5.14e-05
 17  8.191426401346  8.191426492229   1.11e-08     9.29e-08     2.57e-05
 18  8.191426496492  8.191426242080   3.11e-08     9.34e-08     1.98e-05
 19  8.191426413608  8.191426491712   9.53e-09     2.87e-08     9.70e-06
 20  8.191426543756  8.191426305307   2.91e-08     8.75e-08     5.18e-06

== +Aage p/q coefficients only: neko_REG vs ref_dip
 it      f0[a]              f0[b]          |df0|/f0   max|g_a-g_b|   max|x_a-x_b|
  1  7.978879019979  7.978878815250   2.57e-08     8.40e-08     1.72e-08
  2  8.162330304465  8.162330052651   3.09e-08     9.50e-08     2.23e-08
  3  8.074019749164  8.074019450306   3.70e-08     1.19e-07     2.94e-08
  4  8.153080632370  8.153080407010   2.76e-08     8.74e-08     5.15e-08
  5  8.108818636938  8.108818392844   3.01e-08     9.43e-08     8.54e-08
  6  8.186033516124  8.186033334871   2.21e-08     6.48e-08     3.31e-03
  7  8.191545484248  8.191545271932   2.59e-08     7.65e-08     4.83e-03
  8  8.191530088388  8.191529764789   3.95e-08     1.18e-07     3.99e-03
  9  8.191466893757  8.191466566907   3.99e-08     1.20e-07     2.67e-03
 10  8.191439664728  8.191439422036   2.96e-08     8.90e-08     1.77e-03
 11  8.191429931410  8.191429665827   3.24e-08     9.75e-08     1.03e-03
 12  8.191427160573  8.191426897703   3.21e-08     9.65e-08     5.07e-04
 13  8.191426615111  8.191426448719   2.03e-08     6.11e-08     1.98e-04
 14  8.191426663425  8.191426472940   2.33e-08     6.99e-08     5.63e-05
 15  8.191426565666  8.191426380374   2.26e-08     6.80e-08     1.07e-05
 16  8.191426698272  8.191426246690   5.51e-08     1.66e-07     1.27e-05
 17  8.191426757889  8.191426492229   3.24e-08     9.75e-08     2.23e-05
 18  8.191426467963  8.191426242080   2.76e-08     8.29e-08     1.98e-05
 19  8.191426609981  8.191426491712   1.44e-08     4.34e-08     9.56e-06
 20  8.191426660934  8.191426305307   4.34e-08     1.31e-07     5.12e-06

== +Aage constraint p/q only: neko_REGCON vs ref_dip
 it      f0[a]              f0[b]          |df0|/f0   max|g_a-g_b|   max|x_a-x_b|
  1  8.332372186550  7.978878815250   4.43e-02     1.96e-01     1.84e-01
  2  8.137416122980  8.162330052651   3.05e-03     7.25e-03     6.79e-02
  3  8.184896705708  8.074019450306   1.37e-02     5.55e-02     1.84e-01
  4  8.165207212604  8.153080407010   1.49e-03     1.16e-02     1.84e-01
  5  8.178316827431  8.108818392844   8.57e-03     2.67e-02     1.07e-01
  6  8.162545445459  8.186033334871   2.87e-03     1.05e-02     6.73e-02
  7  8.188068810412  8.191545271932   4.24e-04     1.32e-03     3.41e-02
  8  8.191161472752  8.191529764789   4.50e-05     4.12e-04     6.40e-03
  9  8.191429621299  8.191466566907   4.51e-06     1.72e-04     2.28e-03
 10  8.191430504658  8.191439422036   1.09e-06     9.46e-05     1.47e-03
 11  8.191427786076  8.191429665827   2.29e-07     4.67e-05     8.56e-04
 12  8.191426769154  8.191426897703   1.57e-08     2.03e-05     4.33e-04
 13  8.191426683779  8.191426448719   2.87e-08     7.36e-06     1.81e-04
 14  8.191426435158  8.191426472940   4.61e-09     2.45e-06     6.94e-05
 15  8.191425579071  8.191426380374   9.78e-08     1.37e-06     2.50e-05
 16  8.191424982860  8.191426246690   1.54e-07     4.88e-07     1.50e-05
 17  8.191424947163  8.191426492229   1.89e-07     5.67e-07     2.23e-05
 18  8.191425289767  8.191426242080   1.16e-07     3.49e-07     1.98e-05
 19  8.191426445116  8.191426491712   5.69e-09     1.71e-08     1.14e-05
 20  8.191424398171  8.191426305307   2.33e-07     7.00e-07     7.53e-06

== +Aage stopping rules only: neko_TERM vs ref_dip
 it      f0[a]              f0[b]          |df0|/f0   max|g_a-g_b|   max|x_a-x_b|
  1  8.869039679725  7.978878815250   1.12e-01     4.09e-01     3.07e-01
  2  8.559572951117  8.162330052651   4.87e-02     2.27e-01     2.75e-01
  3  8.284499790605  8.074019450306   2.61e-02     6.78e-02     1.28e-01
  4  8.172426658995  8.153080407010   2.37e-03     1.49e-02     3.51e-02
  5  8.126596503747  8.108818392844   2.19e-03     4.72e-03     1.03e-01
  6  8.180936818666  8.186033334871   6.23e-04     3.01e-03     2.31e-02
  7  8.187162607444  8.191545271932   5.35e-04     2.04e-03     3.73e-02
  8  8.190985262402  8.191529764789   6.65e-05     5.49e-04     9.92e-03
  9  8.191381590104  8.191466566907   1.04e-05     1.95e-04     5.75e-03
 10  8.191423545506  8.191439422036   1.94e-06     8.81e-05     2.88e-03
 11  8.191426494716  8.191429665827   3.87e-07     5.95e-05     1.95e-03
 12  8.191426518655  8.191426897703   4.63e-08     3.24e-05     3.42e-04
 13  8.191426398937  8.191426448719   6.08e-09     1.38e-05     2.33e-04
 14  8.191426430067  8.191426472940   5.23e-09     4.60e-06     1.21e-04
 15  8.191426327632  8.191426380374   6.44e-09     1.12e-06     8.42e-05
 16  8.191426386542  8.191426246690   1.71e-08     2.16e-07     5.14e-05
 17  8.191426381337  8.191426492229   1.35e-08     9.51e-08     2.57e-05
 18  8.191426258617  8.191426242080   2.02e-09     6.38e-08     1.98e-05
 19  8.191426418989  8.191426491712   8.88e-09     2.67e-08     9.70e-06
 20  8.191426265838  8.191426305307   4.82e-09     1.45e-08     5.18e-06

== +coefficients and stopping rules: neko_BOTH vs ref_dip
 it      f0[a]              f0[b]          |df0|/f0   max|g_a-g_b|   max|x_a-x_b|
  1  7.978878815250  7.978878815250   1.24e-14     2.02e-14     3.06e-12
  2  8.162330052651  8.162330052651   9.79e-15     7.99e-14     4.19e-12
  3  8.074019450306  8.074019450306   6.60e-15     1.88e-13     4.82e-12
  4  8.153080407010  8.153080407010   1.22e-14     2.39e-13     4.89e-12
  5  8.108818392844  8.108818392844   1.05e-14     2.29e-13     4.94e-12
  6  8.186033334871  8.186033334871   6.51e-16     2.63e-13     4.95e-12
  7  8.191545271932  8.191545271932   4.77e-15     2.61e-13     4.97e-12
  8  8.191529764789  8.191529764789   1.52e-15     2.56e-13     4.98e-12
  9  8.191466566907  8.191466566907   9.32e-15     2.52e-13     5.00e-12
 10  8.191439422036  8.191439422036   1.02e-14     2.51e-13     5.02e-12
 11  8.191429665827  8.191429665827   3.04e-15     2.51e-13     5.03e-12
 12  8.191426897703  8.191426897703   1.95e-15     2.50e-13     5.05e-12
 13  8.191426448719  8.191426448719   1.19e-14     2.49e-13     5.05e-12
 14  8.191426472940  8.191426472940   1.08e-14     2.50e-13     5.06e-12
 15  8.191426380374  8.191426380374   4.34e-15     2.48e-13     5.06e-12
 16  8.191426246691  8.191426246690   9.76e-15     2.49e-13     5.06e-12
 17  8.191426492229  8.191426492229   1.08e-15     2.49e-13     5.06e-12
 18  8.191426242080  8.191426242080   8.46e-15     2.50e-13     5.06e-12
 19  8.191426491712  8.191426491712   8.46e-15     2.49e-13     5.06e-12
 20  8.191426305307  8.191426305307   1.02e-14     2.50e-13     5.06e-12

== same, move limit 0.2: neko_BOTH_mv02 vs ref_mv02
 it      f0[a]              f0[b]          |df0|/f0   max|g_a-g_b|   max|x_a-x_b|
  1  9.220938273314  9.220938273314   1.79e-14     3.38e-14     9.27e-13
  2  8.647280543663  8.647280543663   7.60e-15     1.74e-14     1.94e-12
  3  8.317767921565  8.317767921565   6.41e-15     1.65e-14     2.84e-12
  4  8.221482737771  8.221482737771   5.62e-15     1.83e-13     3.59e-12
  5  8.200021561895  8.200021561895   8.02e-15     2.28e-13     4.19e-12
  6  8.193773265056  8.193773265056   2.60e-15     2.48e-13     4.61e-12
  7  8.191754728304  8.191754728304   4.34e-16     2.50e-13     4.87e-12
  8  8.191769335685  8.191769335685   3.25e-15     2.50e-13     5.01e-12
  9  8.191569231385  8.191569231385   6.29e-15     2.51e-13     5.06e-12
 10  8.191477347541  8.191477347541   1.17e-14     2.51e-13     5.07e-12
 11  8.191439537554  8.191439537554   2.17e-16     2.50e-13     5.06e-12
 12  8.191428646359  8.191428646359   1.21e-14     2.50e-13     5.06e-12
 13  8.191426583623  8.191426583623   1.39e-14     2.49e-13     5.06e-12
 14  8.191426291522  8.191426291522   1.95e-15     2.49e-13     5.06e-12
 15  8.191426502757  8.191426502757   1.30e-15     2.50e-13     5.06e-12
 16  8.191426279095  8.191426279095   7.16e-15     2.49e-13     5.06e-12
 17  8.191424205570  8.191424205570   6.51e-16     2.50e-13     5.06e-12
 18  8.191423474043  8.191423474043   2.39e-15     2.49e-13     5.06e-12
 19  8.191425297495  8.191425297495   7.16e-15     2.49e-13     5.06e-12
 20  8.191422444775  8.191422444775   4.77e-15     2.50e-13     5.06e-12

== Convergence measures along each code's own trajectory (no move limit)
 it   MMA.cc KKTresidual(inf)   Neko-TOP dip KKTmax   Neko-TOP max design change
  1   2.973e-01                 1.948e-01             3.855e-01
  2   5.843e-02                 3.828e-02             1.221e-01
  3   1.479e-01                 1.994e-02             1.453e-01
  4   7.292e-02                 1.204e-02             1.338e-01
  5   9.037e-02                 3.649e-02             1.883e-01
  6   6.553e-03                 5.256e-03             1.315e-01
  7   1.195e-04                 2.082e-03             6.446e-02
  8   1.823e-05                 2.032e-04             3.681e-02
  9   1.577e-05                 2.146e-05             1.383e-02
 10   1.391e-05                 1.340e-06             8.638e-03
 11   1.332e-05                 1.000e-06             4.801e-03
 12   1.319e-05                 1.000e-06             2.239e-03
 13   1.330e-05                 1.000e-06             5.257e-04
 14   1.341e-05                 1.000e-06             3.106e-04
 15   1.333e-05                 1.000e-06             6.309e-05
 16   1.320e-05                 1.000e-06             4.453e-05
 17   1.345e-05                 1.000e-06             2.981e-05
 18   1.320e-05                 1.000e-06             1.677e-05
 19   1.345e-05                 1.000e-06             7.292e-06
 20   1.326e-05                 1.000e-06             2.061e-06
